/*--------------------------------*- C++ -*----------------------------------*\
  =========                 |
  \\      /  F ield         | OpenFOAM: The Open Source CFD Toolbox
   \\    /   O peration     | Website:  https://openfoam.org
    \\  /    A nd           | Version:  7
     \\/     M anipulation  |
\*---------------------------------------------------------------------------*/
FoamFile
{
    version     2.0;
    format      ascii;
    class       volScalarField;
    location    "12";
    object      p;
}
// * * * * * * * * * * * * * * * * * * * * * * * * * * * * * * * * * * * * * //

dimensions      [0 2 -2 0 0 0 0];

internalField   nonuniform List<scalar> 
13182
(
574783
112858
423010
602901
224742
547699
550722
592245
609201
296941
286660
334792
554067
548087
540854
563999
608337
618010
534758
539298
537532
583785
560853
488734
490153
494272
588532
484947
341970
618926
618826
606152
563461
277987
256723
539476
610950
369746
397186
588997
115954
128496
429919
58770.7
476435
205971
603270
397621
380262
599721
462864
467142
269760
592182
551290
496438
349686
596579
552315
614682
610933
604744
589662
507906
458197
455603
557345
481410
235773
514166
62711.6
583944
589782
483957
102085
610893
606507
599877
575436
574295
617498
267398
533932
537901
97872.8
101132
119047
293942
493989
503325
324638
611110
291684
293640
577681
597334
325710
568921
595537
538064
531197
359935
445750
549032
579087
465221
124275
122999
610548
390643
595636
171544
158278
550592
449335
288848
595070
94763.2
511750
504834
499741
244109
608310
540558
416120
403195
540845
612659
543695
359660
40052.2
35200.7
594052
218925
550968
608555
604589
510352
543792
575143
308288
103234
118379
450442
445724
593261
571151
207102
615565
369859
51126.9
459421
460963
363931
488268
486153
82620.6
186925
140136
481089
486796
361766
331829
589845
579625
434369
612257
513329
436193
202870
255087
557552
556636
39093.7
381930
583792
168793
321741
589045
541835
486336
371890
612154
518881
251488
378522
394223
581533
475777
463225
336708
611479
387614
92166
610436
423401
361171
531184
486750
499124
577769
578164
67671.2
599437
293482
80843.1
249487
33030.8
613519
279492
429143
30990.7
592126
552074
332058
518698
464737
613170
425781
59459.2
472515
485175
50455.4
545810
237503
611050
600404
618151
618331
583003
599169
573919
571888
550351
585406
589987
427030
588905
588540
568556
71532.9
74869.3
593216
560753
563400
544751
511799
509993
605006
507081
560813
296503
418838
425015
93946
610686
318785
61320.9
55894.4
174436
412049
609994
609205
621711
506528
437985
305253
592830
503903
600715
597545
596767
593151
357310
610694
357468
591669
589034
517071
82083.4
617555
389839
386039
548720
567072
372095
378492
617536
241968
598879
599238
303049
201030
475546
603086
605285
610522
610634
613649
612883
432551
502046
576548
575138
257262
191162
514885
526160
603399
431627
565513
614524
392379
590715
612092
609401
610005
553843
618914
324211
302208
212984
589579
590943
551254
606754
459370
534520
456663
377681
534465
536341
326104
328694
335018
501211
506303
531605
613924
274597
70167.4
588924
619342
237773
244706
598677
501571
507346
550149
482776
489422
610734
197085
585518
584857
601195
571487
573394
609444
574466
301456
612413
167770
584033
180322
213004
608955
577523
579443
409964
611333
580000
313802
406026
565816
607289
389589
263294
70029.3
538411
507335
318255
611331
550171
457875
463342
426515
587208
226683
537333
485785
615222
615519
534703
532010
595634
610805
290389
416022
590168
312296
293591
518015
612015
592609
352901
489455
610152
607218
447291
537197
539217
311641
451225
619940
206108
602559
275352
416030
563160
434024
578125
611298
611767
618989
267268
592892
464433
571281
575904
70739.9
489170
511865
600197
577612
239273
560081
396354
272378
556535
135032
415734
420321
525404
459594
605008
159466
608181
303398
616762
596045
353371
348263
602148
172441
502387
621430
611435
609868
594538
609501
576029
189279
589821
597460
617234
410690
405553
607323
575751
575857
204295
614377
482217
196563
407977
615925
322388
615959
604400
602943
608442
438966
594499
93061.8
317706
528107
334817
224694
123575
600086
454858
606095
171703
621817
381333
489200
103495
560351
275536
604372
590078
607515
208174
316694
546616
596938
596437
413533
365787
375104
383779
561683
503991
475191
562368
397612
599675
540582
163934
547204
581917
583081
379524
433342
441723
597812
485638
616673
483229
485156
591699
561754
566413
63508.9
545487
543041
340709
490316
473842
530186
315035
617532
379064
561732
453863
446085
581782
359317
612175
616316
573057
574610
579361
576560
603874
618566
591485
504377
592624
232173
613844
578712
478118
596827
580776
478981
151852
372100
535233
524927
311908
302240
488590
608572
587046
575634
553320
590353
391077
526821
276125
606718
567660
561745
532588
607484
586140
588182
399485
401810
118799
578162
528222
564208
329857
432646
610860
621148
619383
595623
579580
580631
578635
276583
471896
280914
454637
612073
609111
615492
301092
589428
267247
412276
145325
340240
495144
269483
473856
603815
333799
575189
608615
260770
284702
617590
552837
262023
595312
617949
618214
513391
496783
253719
327801
594672
576828
597271
551485
594440
339732
488251
579628
606457
224676
317553
597199
393187
237361
601050
600035
362398
611656
602843
307730
617597
415550
293509
314464
612034
390877
282742
530379
539531
535434
572544
573617
609487
456589
621944
566220
610272
529119
596217
206502
617558
580895
281456
600081
459531
604005
603819
334852
608232
320104
318867
297929
298387
606677
553610
556144
146265
336338
611354
611250
573293
541198
489215
253109
608224
609995
591080
577166
192461
463017
597384
593995
129720
481625
588447
601819
581791
579408
295160
317903
602314
603947
592410
66819.7
178877
348366
600521
534685
618914
621341
197107
162009
397685
622120
547624
524616
500307
572498
533697
380286
583706
606736
527003
461694
466897
602787
470288
471476
619259
295385
501026
520782
550117
480239
604687
308268
529814
575904
195194
611176
471980
530300
606921
237292
588935
604155
208863
403459
608836
612913
501855
542246
351360
598673
101299
87998.7
600050
543317
608418
613151
293923
482272
594975
607799
483252
371740
613591
487782
61584.3
50910.3
613299
536203
539118
403918
441610
172966
583343
289671
499291
265993
587004
572435
601937
300675
356738
466174
324519
591510
164200
605311
467791
606672
577155
520713
492673
82652.5
286152
309075
360254
170828
368997
605129
595963
476824
479728
618329
425758
520044
516346
604904
273481
257785
549054
531524
594682
544383
590196
589040
502492
521634
207574
212972
367552
490202
613840
348012
516887
600275
554451
513460
513940
339939
519480
435032
603922
582321
538237
613512
550543
422416
29304.5
621200
597772
95807.4
539882
234316
618047
170639
443438
597642
112406
525988
575745
604782
610554
610195
476366
611039
454922
590193
585081
84442.5
607630
443862
588692
606221
204248
345783
499579
583812
613602
606426
493332
490873
566087
63934.3
584743
599249
373240
600121
336951
475301
41308.5
582855
244671
543354
352361
618703
595342
577396
359008
373920
571080
163551
263169
235714
233312
427451
565141
409804
376553
387151
299542
582213
581700
366364
575436
611862
69401.5
607304
548873
540362
556389
590379
597764
578891
579661
367848
586033
558165
578019
526764
521574
523610
264549
475552
478157
598126
257796
411788
485326
329175
314636
467320
204285
583184
393581
532289
530199
381618
551828
250816
467198
608408
259544
613696
345798
323664
457389
619553
468009
603840
602048
541610
471525
582422
605658
535045
63916
263981
530330
591049
571875
568364
551991
233600
598682
486127
597648
345495
606177
473993
520522
525394
529706
541377
537955
535630
552807
187767
547064
59906.9
602399
602380
601462
495780
550422
487425
616818
577495
572433
540554
164706
600777
255803
592423
619102
514184
514667
377191
48576.7
524331
278769
600925
607590
608733
607915
499255
500459
618740
610937
576171
622125
594978
610524
414930
430179
52095.4
385624
167097
581164
179475
602662
363681
609024
610595
602364
581344
213367
518466
482696
593422
430402
596175
366758
388446
475538
103676
604156
208863
209687
508056
613035
602561
328186
460946
552903
444329
509674
249549
144477
613247
448908
497919
379824
363422
361373
514205
620249
614203
511329
254726
342288
578264
613243
612987
179976
183790
607508
606589
610119
435574
461312
512980
172666
345553
589190
345192
347317
583948
528806
479629
479400
575276
531298
559189
146370
317075
396108
393019
591587
369309
607460
480218
467520
551013
84325.1
516766
277021
538460
577485
52187.3
57171.1
597358
158427
611975
96080.6
514918
564237
611580
601541
401805
553299
373960
573130
556801
560516
400357
392616
612942
125921
270860
613546
618947
614521
590144
58477.9
386716
391956
173222
574633
484826
523929
546271
221063
542575
335189
350407
616733
319265
571226
514043
330874
295226
599890
237434
177853
603890
485172
592074
572368
71112.6
457481
384345
590486
582451
585820
575009
604012
365138
580114
302995
474372
574617
521530
361399
35505.7
517693
600897
622531
505065
512146
162848
582282
505700
363544
466982
294962
551436
580732
580916
520815
466665
597647
582061
357155
352900
254456
178104
485866
577201
555216
386764
499036
577827
336834
601573
303300
103808
339628
598255
305702
551678
495949
437613
541854
497240
494313
454404
447990
503143
81040
599264
601686
261702
611054
248434
301323
405379
620919
584438
173174
142294
476719
568820
576786
537992
393874
212903
613915
613372
55609.6
489720
201424
498018
596250
594473
581342
557160
594823
398910
563342
529239
529011
281339
464289
530536
602472
395054
465435
466225
379333
394539
391154
312966
594878
603318
523957
506850
479509
476537
388474
444758
605543
597197
556123
522655
528010
389810
615191
614695
603079
384568
517374
519819
518617
523909
169926
589736
607154
124779
145531
537335
607686
606516
377910
599518
536751
218532
530398
540948
611440
610909
608664
603837
369329
596004
350085
354823
557993
461500
593233
396524
529696
515887
165192
202787
372300
98535.4
507288
99360.6
523778
596304
202001
440011
437703
612044
416735
571473
604610
73847.4
596947
613406
615673
567379
565846
425485
588276
619055
416462
605322
604973
347587
356640
603148
399302
615700
613924
608996
610266
176133
613303
596859
103568
190416
456755
588894
466460
553315
532079
480510
556487
543232
599013
598536
555398
600885
620822
614341
364651
611449
608225
608086
429610
438007
607748
504893
613277
599912
540168
621635
275394
423781
590246
536221
538987
331482
476823
520711
595513
284062
546930
609764
614991
615309
582510
617274
605358
330726
606002
578466
594569
477164
618351
417829
345627
604336
603658
543990
79612.8
538196
405223
467320
498287
500526
499778
384189
518249
616919
613203
463030
559236
433561
419007
593483
491497
485097
465333
401517
578658
524679
584218
619283
462213
612919
607817
607598
133595
475206
472891
86347.2
400144
324761
572441
591782
599357
501490
258319
264861
596256
493379
611052
259011
612847
612722
600262
552779
405109
111471
226390
444416
461267
587177
163503
164740
206205
605139
605779
580271
517341
422414
457091
397483
344799
449099
277543
539625
592128
555829
554275
613058
282326
428700
578763
362431
344109
384405
202114
548509
552034
596055
368188
459870
611397
611317
433221
435239
186972
586622
396843
92125.3
545979
354227
218986
91099.9
565902
566102
254113
613598
83190.1
615187
588858
336517
589751
588501
499583
601979
273328
329275
505814
479193
615320
611846
514864
177756
228275
611876
612226
611823
622465
341113
579090
328590
326003
579425
604431
601585
610921
240696
278725
111848
466931
465618
522267
542593
511501
621392
219381
592115
507019
620727
176279
581313
398025
295449
320925
147772
529854
543043
180784
201199
125087
171566
584246
351473
282080
298397
591888
169068
542345
615837
64272.3
592956
443318
195455
488573
377557
523831
493988
211199
602492
585086
592633
578708
612192
622332
162973
509837
593545
365827
326789
598307
597444
554841
437295
585684
606273
605760
613240
590814
215259
228831
497398
588377
603818
604207
606312
604451
506511
609905
540117
541802
547845
574395
166629
619875
588176
207037
602338
355368
594666
269167
605977
616577
592150
330910
312404
609325
617001
589350
597190
104586
346690
560693
544330
522858
515795
594487
620124
541109
608537
521242
615699
548784
548633
591910
488019
573143
472132
580987
119934
301673
593582
237578
448171
409367
122969
580274
503929
612211
584842
383155
43988.7
566168
593953
367108
219080
321858
317962
335346
457495
584922
602329
495800
380139
568792
609851
587911
532141
587669
514388
45869.4
584285
435479
423858
270879
376822
622174
622354
539389
93749.8
379628
604446
192741
591516
607289
251905
267387
114320
331818
618554
605844
527002
614293
576135
498379
618743
598146
544006
606042
313507
609279
228168
230436
344682
515832
611224
573644
559341
157569
615990
608605
475971
480950
439274
420184
550483
553062
518902
611483
226561
581406
93846.8
493996
570486
189364
606444
604557
594566
613464
613635
610163
563917
622505
538883
484206
617211
530148
592622
314072
342116
378065
538580
620851
621093
359518
490114
602386
542873
583351
161747
276689
291775
291872
621307
521099
536121
441618
582395
592253
610193
612482
189247
184892
358451
320609
610187
595360
520117
68798.3
602047
291574
438855
45322.9
422708
409960
539482
226478
560990
559116
560480
534373
495950
593021
604707
334735
613709
617476
288960
590144
323228
528396
526472
593055
594518
446981
566452
574093
576499
283290
402309
415473
583754
143301
571579
365885
382173
571207
533097
602223
68660.5
588925
586278
494343
178956
609751
594151
496800
616381
498510
593374
475174
596022
332477
296998
300469
604840
350976
563573
520705
563342
363264
433340
513382
610970
611213
579647
527525
558811
234683
612740
466446
465961
298993
600004
382561
230630
510656
601377
601954
572523
609380
618451
498210
249397
549103
96650.4
274281
495834
494827
63969
618877
275825
119651
605344
335513
590055
208484
432189
602004
611234
620466
609675
516195
606435
594300
592886
608577
611125
369910
497990
243867
551209
337859
238007
401816
336704
608754
485162
492140
191606
523211
614567
500407
35455.1
47241.7
614430
532518
58769.3
405499
602168
588837
252351
548555
609158
611099
235713
257991
95725.8
526306
526437
600075
492861
493107
40584
180555
419583
26307.6
519141
613878
181513
210395
89848.6
613263
603181
604243
614208
613708
579722
323216
327059
606166
606200
600562
606460
621734
588872
586422
492289
189618
442409
464733
290509
520594
604924
605075
367776
501113
610618
618932
622508
186315
389031
541537
296568
601978
609585
488120
488579
386103
521267
563288
368560
604301
583143
576188
573048
569502
121299
362573
376157
568667
610722
492635
152789
111701
122180
345463
268739
598071
605083
557378
141832
555977
615972
611164
521833
612315
621138
621515
529247
594952
576794
164127
598037
592413
355980
408131
522096
555661
554491
593812
494763
593260
195756
393546
399556
462608
464863
439685
427136
359682
484236
168143
189362
616148
613869
614525
612422
58554.6
47101.1
573952
557444
465269
315533
266869
571307
480305
540429
582477
27552.6
230003
463076
544614
545691
473222
607568
614583
27286
38726.6
610294
221718
589387
374885
288526
492313
586128
550271
336430
335685
608012
539416
581327
170135
613150
337030
341248
591727
458455
580475
547426
545972
264016
376538
174190
79749.4
82338.7
77155.3
611129
611397
529779
542802
592747
601427
602643
507262
437342
81805.1
612417
602593
475238
510887
510616
304515
519900
573257
399431
581141
601992
614806
596106
24195.2
438071
622541
554055
549504
512894
558215
559083
374576
248259
557098
440918
534182
539755
583428
468894
519544
466978
462978
363372
603879
578823
609598
612403
169869
557573
320806
341507
560761
447733
585601
518230
339786
388261
65686.3
377090
280617
612259
587634
599722
53752.3
46600.6
611168
518932
281981
542070
557771
550818
619946
591073
393337
418705
429034
622178
615342
594330
594606
571954
567323
358328
444997
358017
516645
537425
514368
613692
603270
609973
609568
599303
612351
160843
457462
475411
579079
577907
586604
186643
335317
457452
466991
110121
431481
270936
528164
351302
356333
324530
601816
610980
614435
603711
575603
395144
387590
548672
556951
329054
169973
184893
566812
414638
414759
177169
191505
598956
237870
244206
294140
595411
567558
75458.6
287537
557418
544399
371222
414085
515866
608472
137357
413679
495105
99872.3
567033
575732
498550
534383
611476
611150
584060
375041
317565
419562
544599
601440
358858
474077
590309
556031
134591
366553
485389
361203
174264
482976
300548
554012
507649
610332
477278
579655
596042
464121
516669
264620
251305
360856
476763
421578
83744.5
556647
525166
547073
96071.5
498246
572851
615071
614387
596342
297670
546414
159325
139992
500307
587327
604233
601203
602877
589419
588781
572845
387609
608393
584773
496398
527473
611568
610959
576101
584198
486539
519730
586571
612743
159626
400597
58165.8
98041.1
93511.3
542224
549126
549393
554811
570024
123369
559200
186934
185292
464206
390397
620843
431974
587835
426124
58991.3
550468
316893
581854
569209
610547
609470
448224
509448
610104
296627
409344
497610
389322
177215
146232
539785
582656
597297
582656
522197
570118
72130.8
618717
619030
164713
609934
100346
242045
607065
611954
570302
567577
590879
474349
474033
610963
603168
604359
523080
511816
614016
614181
601522
520678
179716
536355
594960
571135
152147
507501
521561
222501
471035
451598
510882
326424
599880
591780
592480
38689.9
598193
607581
140508
148328
393764
427513
428868
596325
517776
393406
592954
190306
568144
159844
501860
500897
379738
368402
604700
570261
567794
554577
443064
371006
618105
345177
586687
612727
560335
163763
574873
581357
562498
417586
31889.8
610699
469702
617525
77780.3
622261
203946
494600
466011
178434
559276
612570
219972
235771
191357
436595
242100
275948
166333
380611
600843
608984
497169
136061
143167
300765
493720
595701
616392
616863
375604
519648
184912
190629
201348
622114
579562
545216
583651
611573
611503
526183
531263
353749
359269
231137
548371
602007
601797
608273
168258
501966
499293
591859
493325
131327
495879
554023
377484
593938
582157
376077
470900
203946
269175
408687
402425
338048
473968
598434
592014
20099.7
485051
240658
549154
608076
613899
610182
95544.1
578520
164477
595822
608926
607878
327086
392432
480310
599528
329522
598386
620820
391492
395431
525466
587636
618931
619956
535949
428632
137852
147336
577360
605189
371856
619566
611615
611851
554542
612543
360004
359735
610659
522663
590473
176391
533326
289136
451374
449001
287468
614492
372452
591845
589251
581308
579709
598724
600216
378869
620202
575506
609070
478719
594146
529889
525688
399575
599045
118808
138875
269619
351234
363565
536243
544637
544280
570109
443848
509519
477925
405599
578811
609061
613046
282895
228734
519602
271187
168937
554783
383089
541599
308319
563746
581582
44681.3
438408
40761.5
165007
591652
528490
440811
444992
609783
571451
572339
577335
609568
445177
609691
597079
594801
603466
451450
610450
597005
612625
603485
358526
120.52
613426
542738
510902
553960
588587
479609
322829
495370
500446
300900
455087
607315
368560
560178
394386
387256
499157
179070
381648
222079
491495
466210
306833
605728
364468
608999
547039
376585
450815
618973
157172
610769
512174
575549
562706
555825
465403
465814
594274
372961
375122
619429
130754
567234
608425
528694
515159
591760
614069
221805
613664
599472
503030
508675
550738
522530
595030
471330
137120
574844
575141
582025
412695
504578
567899
600682
610641
610034
566559
12885.5
604694
606387
511993
208455
579529
585514
296900
594365
299889
305000
535746
611697
340886
406837
420097
83340.1
566573
565912
610644
433720
350281
136023
554336
597491
41303.3
494602
611482
531602
618519
275685
616814
604287
527930
525163
327941
285769
403255
610012
424673
386898
325946
517539
312731
600733
243497
521217
538141
535209
481231
284046
244797
475350
471132
470250
606803
288959
523315
589829
402932
91845.5
112813
176359
284111
555954
546815
544586
570469
194585
582787
585074
446096
324516
473695
613630
92179.1
599386
422745
620859
397440
335735
442188
357490
569782
31978.4
580069
428678
553179
604215
565141
599756
321796
250588
613556
546832
224072
523413
87743.8
547625
251200
610674
610882
596966
447775
346614
336748
483198
482841
580719
372588
609028
585186
563231
184206
610448
248614
573169
573853
265494
55621.9
515945
415009
419344
535451
609910
206828
593277
579969
362402
541043
589850
394397
609864
555933
555261
572197
600592
258736
531981
610837
550215
297463
609985
560852
591145
582012
483871
609961
352358
604066
569075
288067
493578
594926
608390
130494
135507
605572
448761
455724
493901
504994
478475
614107
496182
351614
302266
477197
127495
33929.1
610112
209409
215043
599984
600016
132496
254157
541748
435502
428301
476688
526241
529829
353678
554058
533340
358069
443392
474566
584220
173268
556552
161897
584056
44093.7
590456
586648
376479
118334
359491
294008
567689
574963
430674
604311
141238
561612
571460
561897
561289
121135
357896
612967
227201
303474
268119
305920
120999
593178
567067
595835
497399
614631
456826
560946
99264.4
500034
609257
287808
552622
321638
618866
618905
337248
577105
396093
601871
499927
610671
345230
575392
529716
126998
405408
406939
273746
577174
552041
303108
397852
621693
580366
479161
534590
576593
611916
612333
585123
416385
616694
621105
505529
228931
241833
610199
517844
609639
593637
605138
537434
594841
604317
510548
511543
574303
126288
510994
444678
404444
384218
467525
466125
106084
553099
578587
576703
500898
499576
550315
550481
491278
281359
583007
178195
455122
536796
594537
613988
38271.1
525277
334769
594665
594233
226630
551168
416518
263599
569331
607180
187281
574265
574070
583348
619365
581693
611990
613938
19300.7
613684
326435
594995
444071
368721
158288
172110
66992.4
129620
443489
122298
579093
605736
605214
613471
441359
145012
134282
538981
106008
362098
359292
581297
606063
456877
357741
601997
242094
574881
589756
109296
514666
41556.1
38139.9
384242
485918
622204
609708
544392
305756
316592
588238
587073
610602
162723
483303
283580
613828
504514
346478
481592
484671
535247
466765
619641
621690
158678
157942
611400
151098
579235
450312
573240
576385
327833
216484
373424
256449
379553
423676
592052
321189
598811
597480
221297
610563
138631
490702
610438
551066
534950
608217
613270
445516
315210
300218
511906
405706
572447
396021
401716
610233
618813
500633
580020
616050
533654
323989
335985
584890
469640
621930
622071
125706
107930
105107
35940.8
51029.9
615173
616026
556965
236358
508198
140088
497914
497700
525625
609016
163254
581741
590478
593932
391712
493641
622075
567860
592629
392858
577039
335729
531376
593924
61736.5
51221.6
146578
559519
132795
608976
360813
357662
164406
488337
305063
502200
447358
607144
248059
552457
612120
34470.5
513115
399723
555634
616203
584248
385702
594965
533393
376011
71530.7
462439
601399
472594
492387
85131.3
579485
579353
363568
544054
330374
330123
384379
575096
493521
493607
473954
605298
48790.9
48828.6
175289
165984
605398
609799
617801
442282
593509
323211
343661
577311
197524
224396
416072
605274
504199
581782
560309
558972
444240
539024
505851
460796
458694
613770
598535
522158
516736
376000
608407
615477
546490
103056
609584
523761
612395
590906
565739
604304
608354
574535
571806
620212
582487
322378
317557
478194
611954
265927
405679
142830
156315
566583
608879
465135
362225
613241
568433
488592
495603
614630
577033
613228
422616
602270
295508
559890
610471
600827
309967
484542
532701
534223
610301
400591
576808
572551
569614
286303
609986
603995
527974
242853
603464
603234
417064
602619
369541
386562
602124
436387
582318
606966
393836
246272
419909
170246
362241
371242
577771
576986
581246
535678
130455
613297
459334
609331
608978
112064
301033
612320
526564
105379
576124
610934
610706
300400
609035
538470
496447
338909
496364
612521
358816
610611
599655
573600
522149
609005
39439.9
486914
492980
601522
599954
612756
146871
137541
192871
552767
610939
450438
384636
600183
601144
523651
588771
589974
544805
610809
584045
421855
482127
487352
510472
596184
202397
293621
595956
358832
335183
230369
203077
172926
593777
593874
420604
593144
523059
370652
612496
506167
512322
97731
604543
605242
422089
602514
281452
348726
364455
578697
598249
157243
332215
505786
30246.5
199369
423807
313762
501482
613274
259259
453902
450102
369960
560817
557686
593075
416956
425018
479767
597038
349146
341729
505846
396035
398687
622682
611936
165769
145332
566820
618130
205411
582630
609917
577689
554620
210909
602425
572675
120023
609745
510552
558712
248272
272936
441466
591555
349850
510407
592894
594141
597166
531420
609721
141395
554678
510828
456934
499962
501394
554657
580762
581424
581876
358084
382919
600591
145488
499228
599635
611754
622846
481124
534236
532726
100765
275226
263924
528991
556330
553449
618986
547659
608074
560611
567295
514918
494649
303838
95684.8
446452
454837
418640
197426
215698
607405
67628.4
612799
583102
592630
583177
159189
534473
594005
593363
551182
538268
305530
156293
557570
541472
535558
509440
42536.8
313132
272543
561102
584536
567099
590886
591308
449985
587875
598398
388312
530779
400235
472608
478121
531930
328537
526596
527476
517767
115632
239219
491086
498778
323265
328815
557009
606283
545966
546680
617788
124857
583439
57797.5
600003
552054
595087
562274
552329
609577
101259
519094
440078
438361
497322
589942
280704
518714
397902
254012
616974
615087
496749
360479
356760
116421
508647
412445
422214
463891
99636
104831
332338
521181
208799
188508
457216
581180
351389
204928
598321
415923
546866
606948
591703
163269
591378
613587
594515
346628
403938
607525
608021
592588
145973
348287
313276
554419
585492
608896
532952
610305
563800
572227
366744
607442
548356
70648.9
62289.4
573724
614332
72097
543676
586742
585931
374313
607508
590148
419745
571647
602824
602899
447379
615695
594723
544457
621858
223457
593195
475538
403868
415155
611388
522689
582176
15847.4
553034
545296
459897
598737
455383
454439
610487
444450
614032
402441
398427
611813
177834
90081.4
99909.3
609485
277433
76346.1
580238
107821
385777
387048
569729
585642
603069
599878
600155
541761
567364
564011
614295
373448
522635
596306
556987
534459
453120
553406
597283
223529
406297
466702
348447
124094
593585
593576
539231
616590
602227
462365
585164
497529
501854
542656
609446
437915
306255
322735
292019
186295
188737
191639
340978
336508
576107
459357
308224
309559
605482
332279
331867
570453
509117
419074
432340
433317
612181
380254
371091
361380
419781
561595
609267
573685
603547
456347
520264
482454
252370
579899
352764
362501
608680
375541
599775
609371
433687
608471
599693
598399
460937
139340
495495
492925
260896
280400
592338
558826
587589
586988
448385
136462
524757
296732
505702
534797
584457
605642
187523
620693
189102
593113
610041
517953
358216
605428
79031.3
67775.5
588799
596312
159862
529748
493141
618197
504111
609845
612590
567564
428053
591826
359710
544518
478832
500617
535851
611436
611016
533792
598106
213571
470275
514828
378574
515188
617537
581232
605162
465671
381713
502695
184973
501575
154315
609809
610230
334387
496107
160544
347339
427073
544703
191670
581245
507457
490607
482637
580720
594760
562651
307257
343135
527910
143086
609353
609018
611696
230809
318418
590161
609118
575634
576235
427559
505157
592911
589576
458235
388364
595522
398448
335672
616830
599920
422258
598420
96899.5
123405
462834
618511
596202
498954
467422
564564
526822
608659
385884
443221
515544
268276
251664
424393
408882
511972
519133
582139
581180
560552
129429
314645
506487
603203
602770
519939
252765
341367
243039
576090
601410
600726
228923
608564
610259
361840
358798
425255
430663
609123
538075
516256
582982
365620
345398
351798
440740
514355
361922
578915
49343.3
453606
40064.3
541477
583146
496616
576157
390299
597193
324936
390093
526235
531345
483920
487188
110209
446489
605152
234323
475652
462304
494422
286885
508447
327897
344655
492417
497998
570446
572873
44350
361489
480724
428579
578970
585113
341454
335888
613618
602186
545188
587819
590250
611697
545063
436363
521985
556115
482893
609840
79553.3
576061
536103
593516
590767
33450.8
126350
144205
437668
510428
308082
438124
582265
605472
613544
527666
495399
499683
611034
37754
612772
592307
392827
565200
203894
283976
291388
612747
613184
284330
606464
499799
591423
611882
367226
615841
618044
560369
601836
602420
67363.3
255137
265045
593508
221193
428533
524655
612424
243651
327663
597714
493332
416848
610445
546003
591972
613034
101380
596679
591850
595277
604175
538540
538059
602801
162737
600273
401185
240055
608060
398445
252529
450947
604577
604839
606521
604451
578507
248295
584732
583024
324230
565860
571679
621146
606651
255761
245282
597489
232315
580168
601648
576149
569030
596272
501025
503718
589056
606364
315770
283717
129498
593677
594290
352331
565963
392720
537575
540902
533588
370787
367589
567470
370127
612927
49160.6
352097
596663
321228
545227
531967
537312
539963
613236
595220
589387
587554
586591
543634
271266
268071
218828
607680
477249
326284
581162
611851
83167.8
422793
67555.9
608293
617363
588040
611564
527491
597432
32178.4
491976
571655
572573
486924
611654
611934
432516
610269
478764
607631
607611
162446
580248
478165
202187
225690
223028
109516
349284
609239
609203
553632
551215
610753
602065
468135
117275
155367
509554
598203
612207
618371
102724
119863
357864
165386
608240
501933
356677
596260
481238
485139
609245
306679
493921
121920
193712
530393
483518
573306
591168
620112
360080
608548
200344
303471
257490
621893
565831
598995
311032
512361
606995
60427.4
510136
505970
466521
170206
172393
589514
590019
538504
602456
583739
578946
541561
56378.3
240686
612899
437595
447702
604727
246306
499390
397470
275307
609784
604061
604819
12847.8
22168.2
350453
591553
144496
135067
612986
417367
419830
371961
334366
72360.1
69819.5
491716
539136
121330
572762
590490
595348
468261
418443
602086
540271
613677
35818.2
152080
375971
496078
618070
305594
622344
465120
590414
491738
565938
570332
261987
516998
551442
30123.5
45841.8
611369
558374
557660
270885
576107
618438
608233
621165
374024
581776
500123
610927
345155
607050
567215
450186
251668
484239
601677
555577
555813
581620
584823
387078
597647
595119
596251
32658.1
339016
613181
542815
541442
555915
133051
368392
480072
621477
594042
465653
527899
582714
371260
585036
595149
126035
448610
504100
570796
125296
339248
95990.7
242856
568716
602087
601556
540718
611659
577113
583190
581063
180988
337621
594509
340556
178490
372052
384598
364272
582291
357273
361454
316857
424731
423040
493369
606862
586449
605460
562141
586740
584085
101542
440388
589430
599460
550652
620045
125376
425251
619708
586882
189977
591647
608242
613359
59659.9
618930
317963
612121
476648
530889
576177
567643
611385
587995
607637
592145
613242
411299
370786
591168
397146
592869
609986
610528
591510
610603
554617
374759
388736
527414
465084
541346
579087
601242
601979
134926
115255
299289
475939
510587
307972
610490
610106
67472.7
52060.2
373147
99235.2
278393
578207
115318
298465
621279
533760
52714.2
69355.1
57175.3
418662
429131
586109
334882
207434
607144
385967
446384
515093
530369
591860
400635
589778
548168
604930
408534
403120
541974
31741.5
34390.6
489095
461718
443864
45796.1
603883
196756
364112
593916
228449
593711
546049
610412
551630
550084
304105
83582.3
596935
532711
605649
511569
604208
18885.9
610608
533861
606341
70067.5
611093
607614
606900
500230
513565
517931
578648
574121
574414
532250
141188
468516
606657
533520
275735
580030
408084
529075
569406
610557
452048
451347
293316
307585
342186
335236
493569
206757
46488.1
612985
522013
300293
610914
562873
588325
588386
597223
446923
368219
609390
608881
621867
571040
586040
337431
301550
321366
106231
119754
549983
601274
332081
570859
617501
617212
620471
620701
191305
462047
176011
619438
348704
606001
242172
550918
620523
620330
518501
459966
583540
585585
124260
601375
488773
495316
388600
73855.5
619974
260111
258712
315195
609756
508168
617673
618370
498719
224602
494144
600823
586200
605368
194073
192130
619530
558236
487595
487388
248317
505133
486135
284255
600163
583336
504474
592317
592603
457807
506779
479724
569676
591974
591957
595807
218947
619323
546016
596729
586224
209145
336688
597063
599452
508816
534297
599978
612389
547099
606151
481036
70000.4
244407
535011
470972
498336
582008
514411
166811
533409
524276
102752
521082
517429
83908.4
305611
601641
470917
571197
418943
421102
495299
517777
553177
246421
400839
137605
173234
166944
601866
613804
206473
319184
77749.3
583933
612946
610688
194819
599522
448857
598701
596843
611583
371173
66198.9
329965
617068
541563
261183
241991
481473
405189
572262
541937
547240
516201
276129
615843
136400
334620
442336
521349
620052
616292
508562
56058.8
528095
608459
530001
547014
607364
555005
370456
620747
591226
407471
591608
548034
168876
612186
611963
585256
601576
619473
619981
493397
256411
542532
591428
602176
588985
612524
373237
476582
591482
556854
458542
521793
554717
586071
291545
296464
599315
592648
224685
512345
532016
120800
600658
618781
464744
327795
499587
588077
139719
330716
156845
607714
64119.2
598156
500940
565492
567283
594876
595624
214703
194514
622254
511770
495495
570926
595785
202208
104955
448032
529197
550783
557523
600599
600874
512758
195021
192916
621213
604753
425945
596349
572808
612319
549307
591577
502192
64849.1
606586
619382
605110
590516
602182
608058
374407
607191
622541
607445
480100
319362
620419
290514
612757
397739
373467
249430
473025
40981.4
66341.1
610211
610255
611090
331520
550671
584706
552548
344149
68902.5
59335.1
608163
608052
611303
80993.4
170531
193361
619879
196048
590052
598052
346945
45710.8
363141
571444
195109
614443
377086
546053
607780
379463
621759
469705
310858
613214
80495.8
385387
591288
88736
562517
566141
253958
617037
342532
290577
606476
502983
306417
276748
195673
603208
603645
27953
453860
383992
609667
554300
585340
123680
612186
461667
413839
487981
381013
247330
490500
19773.9
395410
563373
560757
567658
610821
591995
458281
618320
618678
483974
43176.5
51618.1
589481
611572
487461
614790
571745
206600
158164
578229
481597
487652
579744
479647
88178.9
24676
593495
185787
467334
619037
596835
597407
612289
227557
441429
492130
541013
395530
208000
440808
603233
616797
609979
604884
545512
545592
335708
617984
568164
600631
245654
497901
621234
611427
611644
608000
593965
592948
370012
55111
71584
613182
515218
605422
605719
589074
588698
604546
517204
389727
492456
149384
311770
330755
510123
497004
582412
596822
596569
450132
603991
514539
50722.9
200797
370426
94329.9
227853
611915
454829
440534
411800
504518
584728
593138
501479
530343
532326
262083
236921
439619
398309
272919
282442
266922
257673
290034
333747
543188
597413
595946
39676
38568.2
607884
595797
340044
542180
242711
527998
327429
602931
606970
88639.9
590216
510363
609282
609304
548527
582242
337835
612210
282531
274000
190822
53833.8
63991.2
550277
547082
425404
597714
611932
348601
597460
599569
498827
589719
420465
600380
606644
268238
493021
416914
166429
508709
510022
589377
587345
461686
450343
27730.2
27145.7
377455
366238
258789
249760
506871
578766
518453
513714
612885
530561
603284
604464
74977.9
380207
386597
595304
434493
425685
450171
604615
605566
610478
570079
541948
580399
587059
546199
61290.1
584403
581601
398773
576499
617809
593859
446042
579373
506639
510051
172285
453052
551430
576279
469158
187003
615137
595066
520262
612456
601090
601014
618600
611713
599991
609801
516515
555502
36813.1
578001
466225
407970
409918
614753
423808
576102
583812
556376
575361
578086
558029
563480
458153
578400
576869
381903
540759
210337
355270
593325
567132
621091
29420.8
612019
536048
598020
589502
596058
596686
503872
348667
355306
548501
611085
587678
588195
202734
570319
616711
502962
613260
541130
364356
245000
603673
603309
411277
405729
350943
351528
43854.7
608851
239151
217225
478684
487637
118204
454881
549368
72071.2
30359.3
146618
606199
571556
545543
572837
166465
165747
535267
539142
608358
612505
576444
555022
555730
519602
612046
548623
514069
517181
603422
158791
385308
442303
18392.7
451934
239724
604425
618338
618374
422912
609810
613047
618116
424239
577812
85489.8
286849
612530
261242
346503
523495
613212
611003
268014
544297
545808
547375
304298
522626
573849
574913
601006
319759
308344
583173
186180
490719
200047
527017
223059
604020
451763
454318
603989
80906.1
587039
59113
118337
356092
542434
578723
441974
210214
135899
568252
397834
407544
611361
270177
457704
492186
573335
591986
48436.2
613814
591223
482095
160897
581078
556125
613135
482734
469087
534478
579936
183875
563213
584546
188863
386826
612015
155138
551510
579454
615747
400395
385552
59139.6
620054
476944
275604
107503
467816
256740
254855
117891
256177
257499
588518
552535
541737
541888
181996
593260
274378
572948
97607.1
555861
539334
617640
545486
610316
604539
65232.4
608988
412870
209510
584293
32534.3
25653.2
604401
559683
427837
510399
404375
474479
468675
227669
506425
612233
576719
577319
175998
181229
276369
153910
172498
617406
554065
473866
495690
612772
583750
282537
285852
609006
253092
334836
577381
537220
124409
121120
554980
496708
530875
527805
620368
609304
560893
359032
610074
543663
193806
469537
469313
501244
586474
585575
520861
616010
292939
451261
455733
123229
607782
610022
608683
378009
510318
476847
394139
491823
238655
586738
139068
150854
478707
572108
600211
370275
574968
608618
621407
621678
361212
518331
618941
217510
210154
328370
208275
611293
208592
621945
374931
582226
616916
351684
606746
540973
588395
526636
328645
597164
599509
358425
611645
589699
592551
584705
586773
292451
307134
611060
567747
568234
389500
494935
205793
380896
354880
573388
575053
553337
608592
574038
475015
615945
545169
610180
383582
602286
328093
112262
443861
527230
302926
590728
593332
597582
513900
611306
599949
600218
344395
344047
590208
493758
582619
584243
389711
521576
612497
612394
408230
612547
116861
505357
326686
392413
459089
595116
588756
560552
555539
545908
584378
235528
568950
515160
549991
584036
542213
591545
471974
468601
454592
584873
600596
602048
514243
169408
608947
375390
612710
489362
621266
497837
26264.2
40550.1
468528
143614
127303
611326
609432
468075
373295
595273
146968
376623
610489
566077
580965
276459
509571
352809
61729.7
204692
219461
244765
583365
620253
242423
533793
538569
610285
476242
38883
607885
380637
577901
238004
463241
465224
465845
492190
464293
532250
617447
128123
549479
507743
399033
89407.7
92196.6
592566
82210.3
583575
611306
598691
457384
265310
495268
572805
568162
569175
245007
220389
243017
287628
610553
594751
593801
36150.4
608335
184670
196685
221795
599351
610135
376626
451755
613459
507746
519857
110329
97542.4
74980.6
528153
525262
314472
76437.9
470075
476228
393641
300045
620255
125117
518281
304186
241457
579739
582066
612280
612562
594229
250499
227900
226078
529160
591658
593736
585603
482758
387068
70541.2
455945
460339
610649
610414
598106
166687
603647
587527
617384
537185
609048
512154
533819
605582
608421
453593
467154
474427
489052
486995
610850
313349
437965
576232
579112
535759
570918
612550
604997
606020
610051
92143.5
497777
516511
386197
606641
612729
597761
448166
455659
108169
490443
495414
551947
487609
607434
277543
585656
586523
501571
504077
608185
584272
575490
572420
585007
387106
371283
487540
454306
361500
598718
482803
371334
357246
439169
238201
522086
373155
596917
582325
353969
496243
620248
347081
445776
452562
594566
515070
434363
287820
130961
537693
226925
219225
367312
95826.4
370537
362370
584428
603894
609082
609042
582612
374166
495981
162266
586550
481641
235758
113745
608298
54193.6
55974.3
594780
594838
604641
548695
87003.1
513944
512365
577592
165870
615670
122643
620903
538870
360222
140052
398608
596065
593131
433826
380294
608989
605511
605669
612994
579979
609531
524960
518221
475320
456010
566534
529562
472690
477645
578855
603934
96500.9
232652
600792
541825
401791
333950
522302
430527
534260
603945
596605
471274
136544
611242
611367
609340
458040
591314
605170
608464
609837
164983
610266
594020
594780
181981
201861
205012
475613
349829
293131
531914
357231
359883
622624
595881
591911
554080
462683
97032.7
611154
541798
40698.7
369833
608076
551134
603876
436346
550126
462039
353235
606113
166860
394017
611298
611246
483615
587073
584438
334011
250010
599401
542454
543556
606598
167877
161201
160174
499342
607462
499091
383425
612559
613990
359614
80790
442678
603893
199792
77186.2
423952
582981
557527
533978
584487
118688
611899
245371
613753
166999
501351
611440
609502
357856
278980
267030
519050
541137
543698
177206
241477
153984
58216
588989
576420
581764
199478
185356
601496
109826
608280
608320
596958
456290
266383
320244
311953
123104
539149
539149
580153
60714.4
578065
575482
567271
566107
520070
587884
608891
595901
596024
400924
603897
588885
168915
621205
220423
615334
488498
478954
374207
238804
600215
391426
590859
580508
167521
611228
580472
598010
225147
367387
495752
580983
310049
604324
609945
304622
573804
524869
538889
537432
613063
599979
215646
525664
552254
570634
594243
483019
516666
611133
449014
553910
469077
587477
517796
515445
604757
543931
305102
614967
615256
138542
407340
513948
603662
610717
591849
457662
585789
395127
497905
573710
490861
264983
610381
469829
476220
129313
38874
597013
476761
494753
577525
608529
524988
586598
606949
614390
606947
539206
509580
421865
497339
594434
545140
210977
200165
611357
481580
382360
489911
577895
408644
455355
533085
533746
332762
360133
359120
610864
500492
251390
611070
584356
335387
24573.7
478662
380792
471173
615227
614906
378979
574797
571655
496387
435835
228354
251751
610510
547011
457341
610457
610509
227165
17396.5
557030
600519
584399
492537
494685
368217
459413
346610
609240
340500
596623
70303
59252.7
604510
604316
598853
152693
546726
597580
22443.2
587229
373316
608901
487940
607966
532153
533750
362730
417392
462930
457292
618231
507342
77752.5
85042.9
356957
357682
104650
118770
103219
552548
592400
593061
501662
415084
405185
472550
555163
472310
604509
605286
188733
248502
579915
225672
545135
570324
611094
375847
366329
58033.8
54315.8
445199
446614
244964
524575
525942
572104
589100
587475
185200
431399
122797
117262
587595
584752
598080
540934
588712
355788
594857
43087.1
443438
591673
593207
284544
463714
275345
242000
611749
400499
389650
599835
527473
569004
466174
175024
496386
612284
517700
159947
554147
601838
601635
528588
557004
220266
476723
587805
590047
604172
607660
401333
201845
477523
487552
453161
405057
517292
517152
606130
315853
240340
255835
608181
595078
356351
591431
337042
320868
532406
77372.9
114007
505027
616692
476612
599558
70552
82131.6
544575
590103
432370
612526
21262.3
40112.5
604547
607297
576377
604574
490370
601049
601204
220762
588284
496629
323791
585715
584066
585991
183757
177065
572138
55642.4
551976
380817
577648
575329
400791
592799
147388
111232
107676
613375
478009
478618
430858
426335
386270
265617
258181
598283
608143
611103
453946
404911
396838
582545
611574
523742
480981
545708
171173
505505
579388
549298
587490
560258
497564
339661
197060
612042
238595
618177
471658
323888
611784
391736
588973
464439
589412
589707
411034
621112
448935
420961
607449
394703
379817
380526
433427
195322
509012
266866
496069
132983
44516.9
483748
615366
398946
589856
492264
555105
547235
560025
344940
487988
592213
100885
572843
553457
591647
447264
408407
410480
296901
611939
611837
603921
315707
553440
575400
424442
494021
132105
474338
492936
55900.7
477756
610830
322533
580449
93331.9
303273
560914
456090
454831
614773
499957
427198
342966
600686
593533
592823
206564
48880.9
102305
98223.3
167451
328883
134876
613840
607486
380835
354642
375165
567243
497179
468467
555700
435336
469436
530596
517255
367627
570051
570057
488073
492606
167103
162368
519238
543749
243868
552632
322168
337728
575243
508216
594381
578041
300358
267011
501033
386732
132823
146694
479413
188250
509501
557499
305584
500599
573404
562719
563028
267241
617312
593666
200491
275375
366929
608864
610062
556733
594733
415923
427116
528830
610821
175506
608321
495408
546263
550308
603735
501233
500996
194774
163227
389597
587983
612629
443956
42006.6
608733
607844
393521
528198
535169
138768
608629
517338
541083
60322.1
403962
404464
369847
347451
611089
456881
603680
431154
610810
552918
267382
600899
443928
447208
609883
458099
120513
607965
228868
610229
278148
272547
606636
83855.2
363682
357886
612894
580780
582751
486123
483324
613381
311535
484323
458366
610573
88772.3
191693
465652
292058
293089
537825
487149
131898
107685
587060
510510
7924.58
25013.4
490649
603680
504121
472997
621455
592074
602981
450858
547571
247813
68809.7
308910
420589
84142.4
600089
600968
588124
582705
319051
211606
313467
172167
154197
610844
543202
558255
392908
603313
498259
571827
431599
436662
598632
598524
460698
458848
413657
615731
552734
384579
518441
351702
523783
425345
398523
245168
588215
581206
218026
455433
617722
269295
595185
566309
567946
604374
604186
518442
565101
537978
351911
566251
377965
611192
524973
134229
414007
600787
488793
530729
610590
238003
319482
495888
546476
615505
283846
420974
616165
616009
114688
207425
406898
500995
256375
295534
452852
581165
610602
594492
456354
582771
608967
484226
446030
346134
204208
495903
458820
174806
385871
610559
586526
543170
463238
349098
362232
85325.8
581409
578647
610764
362522
527551
608891
333630
371223
620812
588098
374269
333673
589552
292278
335644
458761
452869
545572
543106
494633
297430
465154
371996
479134
275691
609131
463105
518096
509673
183577
599455
265739
595942
597797
226568
354887
341246
453758
445191
312982
402499
598261
597587
443178
566806
514909
597395
442248
529703
597401
270065
273988
621908
347328
344519
571837
571337
619020
477134
471728
347798
585044
77340.3
542215
498989
595353
545742
88871.3
314107
612674
611265
611057
596055
609752
609596
610169
610483
134026
563027
566402
491423
527297
432169
381992
613628
410264
524594
271982
585803
492012
620414
570711
577082
602643
610224
203925
582364
582512
196959
610061
605347
506392
597931
599064
619368
120379
570700
579056
579857
580077
541800
543254
604748
154165
533375
171776
182394
261943
495852
362464
172659
576263
567553
223754
129522
543022
466699
242827
589572
94853.4
601771
299553
616326
114926
360148
607418
607123
613260
388261
477558
477868
295964
284585
600406
612904
612825
491546
451785
375309
599441
605043
611704
617142
601382
581328
190297
569517
567931
579912
598518
439874
445669
604123
73720.3
5667.46
302359
311784
21735.8
589487
414971
420703
392597
535685
357349
499456
596133
414625
498672
591333
316379
443726
425719
610832
191052
603517
447661
442632
610736
619269
619370
611875
609865
610320
609366
522588
512037
612290
540108
594215
70888.6
73809.4
610332
592043
463111
610088
556062
192659
449046
614976
604428
604279
593348
315195
480993
564477
537219
612913
615491
520563
598801
593709
576620
359226
266839
75627.9
456832
587851
548557
610258
101361
616387
612031
58249.5
347023
484364
226303
315229
594360
108538
59138.4
54116.1
610473
578689
51346.3
31332.9
278226
201552
550843
548860
183789
23253.6
617660
573111
608228
489017
591189
524624
131344
504520
419753
424463
291933
277643
478559
469101
600284
611690
612194
518112
521389
573366
305516
494899
79583.9
595052
571976
592651
600586
595545
596999
512989
596994
587130
216400
476651
270482
603845
583772
580798
580174
514936
336772
328077
598007
231908
250584
426998
124716
117376
523772
523596
582170
171942
114806
613487
203261
415926
253393
236671
514852
530471
609311
609633
500226
307531
613167
581729
596891
597236
268354
498127
496765
399253
234557
404598
407776
512347
508166
605378
610928
546928
618512
348332
348887
314805
438498
597446
342591
335235
292580
94389.6
606328
507461
491511
487562
553359
558525
183302
604422
94209.7
528993
531742
564767
616694
592955
577183
598621
496647
603014
481546
375106
526325
274311
584957
86610.6
465878
520816
606233
470110
272509
431412
435205
337395
581175
612856
115007
494495
606638
327797
243189
218373
497130
491366
583341
592421
310848
493296
464994
466458
585325
70613.4
62161.2
613886
573396
579466
580120
530156
507795
605438
364330
145108
148568
615669
534681
604253
180429
161580
242406
64096.2
374148
616066
580353
607738
590116
589432
582192
552434
541032
491827
43294.8
407062
173962
593290
379896
608269
444304
605631
605210
519912
456831
619987
291535
578920
575166
607631
375488
177778
577521
577759
615239
218283
571103
568449
540992
527282
607542
412188
513971
50358.3
424181
226421
520784
518496
555842
285049
282968
392687
582980
498914
581339
598998
573492
214963
208888
581432
580961
539119
566733
66094.7
606789
93852.5
538822
346031
353636
345959
599079
154922
589990
530647
530628
593033
581246
534990
166549
581532
603586
160451
602835
317087
612322
615809
609952
609600
536864
402090
437718
601352
313605
619860
464998
542349
400617
530471
562920
608084
607966
555545
467145
618815
331209
228578
612869
618250
617486
25561.3
29067
35676.4
7511.93
340946
607356
608009
416816
592940
570503
588308
28907.1
586990
180926
608744
554982
123640
602979
601833
480742
483711
396862
605800
85578.3
85069.6
578457
609696
187175
606297
605296
590430
470918
577524
611173
614482
474909
577967
363738
604628
604269
410365
601113
516187
510582
372388
345055
541544
468820
405886
558598
559102
524983
148295
585436
585105
556944
418700
523869
526022
549708
71604.6
611146
611727
612384
382115
606426
608849
324377
360033
583296
568833
593756
575640
510831
463098
346115
613772
544130
294791
50765.1
576336
313224
601860
535660
575977
94877.5
175618
138302
611877
423799
525020
593731
501278
365471
94632.4
115959
477127
601964
272519
129909
552164
523644
481090
575589
573873
177091
609414
612459
603493
603480
485549
514380
563322
52220.8
70531.3
612875
606984
59873.4
446416
324373
318814
368011
590745
577111
593241
599346
584266
579230
608824
591223
298857
568158
566985
42291
51660.3
242575
263326
603826
602780
621206
453119
468193
531992
511725
527632
242047
464806
393889
134162
367565
138409
142124
518339
299819
479193
62479.9
518275
528404
523274
353996
531166
612473
543220
594613
598582
539505
602920
501115
486466
263580
512417
482964
592282
486732
553307
511084
165992
614460
103850
588617
573962
601669
24518.2
125078
507598
507895
148653
586613
587830
399679
577349
277257
616191
422698
503414
503192
558841
562283
603637
292883
584830
582880
582544
582731
614343
613822
581860
494635
396693
619590
31592.8
609037
578375
247765
354770
573700
583868
332940
451622
610492
310345
543418
606495
607485
304425
272368
612704
593006
608598
376238
598420
294001
612610
611056
100253
90139.1
170638
602366
280213
525798
141519
601389
601276
582899
203939
359966
38525.7
366338
362849
592103
577922
581130
591442
170532
592382
377899
612814
219525
393082
429695
599274
259729
593012
575120
333566
72813.1
593651
507599
591865
522133
123273
524242
556140
204122
203698
170925
488836
576119
576568
423988
593032
581604
318697
327902
609479
601138
601834
613057
582323
592798
466321
571852
485082
484203
444370
443821
534141
166558
551383
607179
608948
618288
596015
596325
608560
598164
516439
582751
484590
581356
609054
412048
223869
332300
611345
479090
343147
619291
606422
534387
396838
613735
171427
439886
383417
497194
457494
568729
440027
555480
574718
604023
12720
12905.4
340933
461593
526196
593471
581928
463887
575600
147816
153035
157815
148370
390204
492049
608845
584578
590687
209294
207512
424000
417611
439627
601077
35838.4
403335
528570
107514
618141
338898
169376
613291
450512
551006
525280
523214
406755
544405
613210
530473
543965
288017
404462
403419
185252
615316
615472
411439
606805
279953
605800
102234
268681
607207
533978
253080
250344
599483
369040
600303
460743
478835
564854
524845
249440
556684
465897
592525
237198
587629
109359
598810
568150
309495
509638
211282
202449
457782
583334
593581
559541
606739
581234
325822
86718.6
421239
465910
582174
556744
443166
602769
519428
598772
613755
612534
506858
406381
547107
432246
612594
584246
465436
190355
178052
498400
604384
589342
552220
457114
408165
426243
575621
578465
165219
119282
543813
513798
592226
195850
596703
110347
612336
81092.5
616245
186386
569060
424794
563845
70837.8
596719
545811
285904
287824
317996
551641
523625
610785
470704
524473
365446
564244
613336
512275
487620
594771
596366
595432
116292
112506
600648
611098
159360
157153
577331
578660
614029
503003
518649
421097
605911
555478
334597
607999
606530
418480
318736
505064
408452
436554
40703.9
614309
400583
133470
467420
603728
608094
112868
588622
595622
405652
606247
198784
613580
593051
590587
605316
553302
440329
60655.4
23534.1
129155
258373
140481
584998
584157
511915
609559
618621
191152
612873
190611
497093
383185
483883
590577
575178
494511
164633
538479
621141
193742
278673
221162
612985
612942
604901
524610
589692
514699
464826
597188
599510
391424
589429
580574
165785
570568
541782
574232
364413
546718
605845
610525
512908
602329
575970
328135
90650.5
541721
599955
602549
582601
277799
595363
592655
321852
331557
555120
241211
589118
589685
488536
600640
313974
583608
591058
472346
614884
16157.8
501247
599579
542805
561053
561433
518967
595269
573555
318853
582015
592598
416882
489372
600113
600938
604404
364815
203930
89507.8
469682
587814
502403
588556
260502
168848
236584
338112
108686
584081
403214
414702
607192
603973
524548
270786
280418
442313
234510
579398
579963
619902
620253
603910
358905
341578
592119
559727
302448
519129
39840.4
418568
537867
351049
585375
251331
548939
488580
450365
450747
412020
537913
444354
319685
602486
604245
598954
599955
602029
280375
115819
49423.9
43202.3
198672
527318
533478
357637
615107
406437
602884
613448
420160
508987
519201
594461
62615.1
542640
53577
340407
430341
422669
620132
619697
500281
573778
536889
593172
593845
463875
321529
460797
525729
594302
607609
575445
476258
495575
269362
411029
615617
601534
590859
562938
557489
397573
464547
424549
451140
317406
608814
608020
503734
35203.7
503953
535488
492130
493665
585693
586114
22950.9
496509
320843
302167
423773
421009
585906
520903
568842
605477
581917
445214
441735
417925
518176
522462
178587
337568
552209
591668
175955
469728
506650
594516
266674
618116
606851
565886
561346
591766
605155
598841
598490
458219
341462
340192
591664
449893
575562
460039
461066
320534
239028
593419
592163
530360
534536
614077
592283
127280
81246.9
610724
380950
593413
604020
551749
213914
620797
575633
611242
584895
499311
620040
265266
300919
618213
570379
610060
498938
579267
464030
422803
103529
596910
578724
171384
125325
372422
374600
555878
423318
423368
456952
568059
589435
561471
558245
614962
588805
582141
31797.2
573207
574155
412537
385091
373632
419905
502499
444134
476753
614158
49377.4
47073.7
42894.3
613649
615200
578097
534354
583774
520901
451527
451377
618783
175596
39756.8
610915
529086
582541
572262
476188
260017
596230
612697
282008
581400
469971
606181
587391
610001
608142
555451
442468
602356
212911
529891
173530
384633
621802
345350
503987
593290
584603
356848
210955
339490
581849
622352
607209
569237
601721
291283
609707
611560
234148
240461
609068
614963
613857
204855
194898
578309
586452
538619
545828
578325
580687
96771.2
72644.8
502981
612350
127245
471180
617522
504184
229274
599981
602304
127854
153467
529064
177999
613359
604828
605389
606107
599191
168421
168402
609721
609397
64860.4
504964
499625
513740
167248
480787
113773
598616
521716
571881
34971.1
47143.3
46780.6
606001
595429
577204
579023
563500
566449
612433
22340.5
613026
474377
603185
116660
514360
480713
35347.1
58742.6
87660.4
583002
58150.5
610736
84489.9
36224.4
487394
619537
176347
172207
274759
580109
589304
516071
582134
581860
65399.6
594502
492787
390702
383519
22859.2
621239
620942
281752
264167
563512
578490
477526
545749
599486
470541
471843
527941
603567
604237
569629
484681
128958
545545
540170
610091
609660
168388
535176
570332
611142
238254
588636
585203
383806
436850
590146
522385
520808
589838
588660
571903
617416
356373
583013
78816.8
524966
419619
612321
173073
594889
583103
41825
440571
561859
21352.5
418645
422494
539148
508152
612713
198621
597053
249469
329161
42737.2
52418.8
49577.4
557452
604937
594104
294011
292198
596393
610892
244602
265250
377812
457208
124393
127793
570096
565918
591754
574335
350348
367955
167242
467482
583581
592712
614272
608815
194278
491805
410348
515860
580622
583475
506320
301123
311949
540266
113681
607584
441923
537059
534795
350652
582065
557631
591679
182763
595504
612157
605149
601525
542487
622719
430157
614726
595350
580366
199508
529225
598031
573531
496633
361243
505001
568364
499850
386310
602292
583899
598508
584793
67970.7
72812.3
544151
570449
136471
559047
603976
608820
588361
611375
611754
557794
591615
454067
613229
317023
244609
602363
57543.1
498422
497256
350564
503172
576826
28947.8
583527
60909.6
10739.3
10677.7
493788
374025
76228.8
600040
597446
570436
606485
448067
505452
556204
620088
523561
207124
207172
597393
619233
593879
391143
390795
293287
612963
593572
520188
182421
561328
603410
619598
340044
530351
615391
173418
616461
522672
297148
288871
427493
19427.1
582463
592726
592792
518506
519331
389115
593320
33262.9
604693
276188
539152
404860
302873
373754
16533.2
263106
486785
582498
499566
322042
331295
593597
610264
622010
239192
575210
460315
562438
558378
608422
516844
607828
601725
600487
405877
598765
399066
400434
366038
412232
410446
394280
618485
611867
171512
604384
550447
615613
520508
577987
135042
121088
498188
552162
554148
556439
241871
249141
329774
617725
543126
473904
470099
571124
412836
611022
610443
483160
569562
566241
607627
507154
367179
32441.5
469131
482474
588887
586221
399112
453480
556321
553854
490586
557326
555900
272829
232049
218101
610111
610115
575271
574364
353284
583173
580207
478684
613375
578056
606247
495943
329913
569725
585350
566321
591916
597177
485227
81369.7
548729
612247
598904
599296
382120
308651
469304
289382
81976
460905
484767
570440
552857
606760
379076
618228
617184
219698
48078.4
608698
218517
549047
593983
123055
603600
620987
527493
474208
447464
616707
595335
463978
600171
480491
459816
461416
282324
537763
128140
114409
393984
619097
619091
265279
362891
607426
556444
227414
611298
243495
250352
525358
427930
598172
583309
487123
582886
506492
574844
614506
38760
457115
589523
425204
31686.5
589579
581289
603918
593965
327335
612902
612916
610867
130075
425064
593825
467884
592250
591983
37287.6
233061
446035
572438
587485
602284
69268.3
76482.7
75479
489585
615633
574425
130429
501324
383147
36964.4
37265
610514
588946
494736
602405
602758
99240.4
113774
610924
318741
498107
520181
143760
380297
362816
587711
439145
441279
606025
594455
589715
603028
485115
372141
592378
593452
620995
610122
517260
552371
583151
382735
532499
543288
513200
515647
515304
589665
621336
596616
612654
609376
469288
590256
589577
599867
621633
356035
354082
590041
621283
533732
359451
368411
91478
206695
609177
494777
393331
597145
155118
450754
542180
581046
237556
619101
157852
158035
342650
382647
590847
589224
601519
549892
520439
461836
610889
424274
404730
241199
308966
518765
513376
490924
493583
414196
579014
598609
406414
506862
473866
217222
616413
365683
381959
619717
584080
582537
227784
605599
582629
57158.7
61631.8
417177
345212
271044
612165
508386
498237
495881
542346
564165
566477
551578
581238
546279
610003
59273
67108.9
605023
512402
579363
73320.4
97251.5
567192
569399
495524
493596
425624
603530
412298
405192
429505
494539
505779
503038
307147
302544
479838
618086
618437
333906
612639
520659
540853
568348
581145
139101
610788
610560
552501
132942
610328
428264
337850
344693
22932.9
435573
479697
568081
81171.3
561203
337665
542686
618933
622232
557445
602797
602051
559509
556591
589622
608166
607540
39730.6
611293
562923
588033
585048
316301
340028
611242
609973
308684
602091
491906
500520
288119
568019
554892
396198
391604
594866
610911
582560
289047
587821
73423.3
568856
40668.1
590252
570243
568760
540134
496242
592751
592632
400230
592727
268005
605056
423096
258545
200685
445852
393263
390340
526616
612512
605053
434074
505399
577814
510496
609001
51464.6
102570
602356
222949
584862
527797
578227
598196
608309
397043
601393
309889
620066
617837
611470
129606
129347
612693
425061
408460
610110
609705
393734
354838
367314
296841
163527
172361
310629
583443
127065
413077
26600.5
472224
608778
582557
610436
480182
581581
230972
604160
549678
473920
524495
521198
376628
577453
504003
235896
537389
496408
601758
607823
610149
253077
111891
289929
602940
189982
141901
361677
578401
601231
513718
605322
498693
518058
610397
616332
281594
97991.2
558064
592123
569959
612492
612445
450441
595507
399022
386477
524797
611677
494406
63333.3
566280
575130
448357
533763
614295
614307
414828
402649
346202
77382.3
594925
597411
512556
513262
560889
606408
444990
472206
589048
417813
546421
503480
603590
582821
583002
611698
598073
590331
586546
570289
598156
580610
36931.4
597047
380151
273561
318138
550853
604997
28990.5
591925
215329
322714
317636
296177
508488
256980
316225
550111
280906
280854
615658
615345
510381
620824
611231
327236
316649
154705
166704
345841
619554
429304
579566
455080
100722
85096.2
136160
521459
593880
489268
77240.4
604588
622531
181674
606615
604336
55327.5
57280.2
558544
594153
553757
386076
386600
493058
610052
439626
426137
479380
470074
371223
605000
617101
476139
572717
411801
580392
462020
604774
172454
582330
190248
434893
592541
76282.1
451076
426012
565276
497937
132713
137381
588503
603464
616111
574276
528072
228628
608065
489249
620764
621430
586774
6388.78
324024
434760
89393.7
82764.6
17459.9
14231.2
490447
584615
477082
610165
419716
479251
588687
616091
601532
228458
532849
325056
127911
585630
207216
363274
482826
355949
461160
583967
582861
239862
613176
38527.1
488752
511490
158327
542286
588684
612115
597461
440220
582785
583055
610632
391474
506303
589339
424262
197056
601791
602648
119786
598022
607726
325200
617656
516311
497060
256765
186735
218888
385862
487927
499133
423062
429706
558989
568120
599992
566960
568537
169591
302335
430532
94836.7
354646
300786
300382
616882
616828
595268
596668
55475.8
278374
539322
521933
516396
613209
363341
299700
577632
336051
528831
447711
139289
572238
608784
489324
580842
476783
612896
481729
595074
318384
448566
610584
406377
295169
401546
75998.9
87944
612054
476164
474737
510407
444475
317107
609564
263011
458117
573168
611401
562774
338658
168428
59959.9
67899.5
569523
129736
590825
591801
582187
579921
612396
132614
607977
515404
192721
501700
606791
607622
607718
612194
50020.7
35554.8
567901
278602
161819
165667
44209.6
518285
521526
574439
595268
611636
299328
613155
525694
501579
245186
243338
366561
614253
543151
267338
262983
513826
480187
482225
611612
475742
76442.1
70489.8
574284
514249
368658
582570
282223
295448
234939
615672
157289
268191
553845
566258
566398
603722
25371.4
27497
612220
128718
400866
404479
30530.5
593062
592512
200102
43055.5
180957
617088
621139
106712
146974
548615
609147
453085
458685
467088
526251
501596
509324
594437
593813
532429
582454
582034
536277
566224
497963
616706
27597.2
393043
582671
156377
271931
500402
581062
621480
422024
554049
455484
456274
218653
187699
539678
525517
597705
150328
221497
521728
252268
476127
391111
619770
611769
612424
312957
506670
210261
542796
500007
479728
297003
235152
68145.4
14425.9
370090
24355
558617
453637
593824
514716
595200
360872
162042
604350
591018
202466
523660
582377
606673
593023
29524.4
596613
554416
224451
583697
582829
583067
584178
442360
214017
369320
368321
53375.9
39843.1
329923
351338
612395
612447
103157
84682.9
606817
141732
256834
293648
380385
566267
582442
341260
340836
375471
71942.7
592053
566640
589272
612394
618616
469489
554787
590669
592362
565817
569736
580901
583348
576251
621953
402487
576185
583051
479866
356905
174435
496067
492243
271817
287826
307167
533275
482383
583194
586151
173519
616254
453740
388732
345845
350159
50610.4
342496
396330
597049
438897
459921
582130
493435
604748
347256
461342
61947.2
594151
595113
591714
504123
122287
571311
569051
500524
373891
580977
581256
455602
215413
595719
541498
620142
569076
511795
610462
573983
613384
481237
594491
441233
305059
611916
400075
529175
529631
456217
266739
265229
539277
539301
567250
590666
330136
286603
283357
485022
108426
543073
480036
477348
508305
576691
596770
593318
579113
575649
17686.6
609494
530229
437395
616640
617275
447628
22614.4
10409.5
469499
530062
542383
82680.2
612283
250750
483567
570600
612393
93721.8
588124
436458
476674
273837
275652
621765
617878
609787
192324
191128
598268
619842
145260
565508
459105
471672
516533
594491
86167.9
323976
325574
171762
578339
210332
571526
541126
231260
591764
593131
573739
584166
596639
246584
385791
415828
468038
440672
278710
38758
573603
514001
605985
579666
479134
27169.4
28951.8
548044
436058
445411
511611
455720
465227
534614
535441
355437
522929
592641
595777
455516
537232
578540
202414
605118
610326
421082
234275
608762
464261
413607
592432
597986
582670
541175
543809
140092
166631
166602
366202
47021.5
590382
591979
527474
434303
261139
586622
589402
527348
410517
608407
608919
93121.7
534959
362406
576263
588386
587898
436869
487273
542905
465998
469705
291039
273251
90099.2
351750
526430
534198
385819
520130
475014
543402
565095
555058
432471
76167.5
73963.8
220153
594834
594027
544881
401916
393900
519609
517976
360756
529867
407491
612716
613658
601875
120265
116378
457065
568106
538990
441876
607368
607354
379575
459666
377832
615501
522684
607480
606571
50832.4
539745
447457
290232
597479
609342
618324
479516
212805
212613
584140
122882
496833
72870.6
51668.3
566494
572205
396455
609753
589171
192542
337617
16251.8
492163
96171.4
95461.5
408491
428151
271414
320657
166673
567750
341240
325115
590923
457267
363995
355538
604705
595502
428541
31916.1
57483.8
561384
87561.6
621377
621123
346360
444510
581233
580724
608524
608687
614719
556264
595831
582519
616378
616363
602511
456960
470334
495346
599470
618725
618236
333544
279960
222252
452135
221227
584671
242641
426978
526211
605774
240867
590868
36845.7
579566
577240
185803
585984
616054
29101.2
131160
387510
228571
242210
239044
126448
397556
470245
560065
350098
580698
337797
616356
362687
353437
148678
201648
491999
485470
492491
46278.3
533874
595285
512831
612280
105069
607163
593928
609913
609226
257081
383002
526732
533598
307414
596786
41465.8
53711.1
616692
617187
395374
612214
551333
354545
504655
508608
258934
572975
605875
594872
393139
130869
581615
379337
612609
238758
598587
585006
612918
613203
569653
58080.5
372933
555079
40233.8
135089
465473
514041
503944
500231
617581
620997
620507
273278
457279
497339
526364
109464
591263
598675
535751
285348
610356
124735
498015
409409
578040
610518
477323
350025
222693
595386
590508
591070
597150
528129
382877
494366
483558
605664
605463
594024
59837.5
495586
423278
291673
17958.9
615433
440296
580525
256680
613579
612988
613377
316629
308328
192482
346104
590859
612785
585487
70874.3
403675
398851
608192
529348
527076
501335
616135
582958
452527
452217
529202
500278
279691
288458
581895
622721
259701
582700
592707
188667
197459
613254
613476
515036
569544
598773
577982
579136
411958
417169
603808
604883
592261
583118
611825
448945
616782
617202
498276
605788
590234
61569.7
612792
533874
450377
514177
519688
435880
447139
494775
255102
589849
586923
524384
97437
281005
535078
535287
573672
571344
596465
379672
610715
39953.8
538722
350615
136069
438904
573459
571491
604567
606044
600625
422786
583337
484550
515734
42235
68819.3
428732
614047
611504
516934
577420
391311
438101
587455
565052
563778
511920
496818
566041
612114
100077
481566
479472
408602
414783
359156
423546
595626
318745
350323
613735
251574
407415
513435
611363
584328
314375
609487
617052
622612
622440
426576
418741
561733
232267
124914
513775
603577
562486
580643
612733
611375
350813
345820
600190
352092
431099
431301
388993
497437
536488
244445
615123
615476
592344
590093
592370
610432
387671
227295
583317
577438
582108
592365
384434
164379
611828
607895
613141
522950
520343
528744
615060
532469
605417
226809
592570
599904
608517
436366
604369
449867
587122
404637
482270
541193
443016
530512
523918
532574
482778
580643
581945
370389
320338
326376
193381
33103.8
512047
582465
507225
155472
566171
56113.7
590920
588659
587596
586153
601054
112587
108335
413505
154977
615989
337817
339841
540252
536634
541376
371108
611548
494431
147304
530748
590246
384039
524694
581415
265612
181412
194988
584328
620209
27554.4
24496.3
399649
610618
610294
373598
197296
150328
583671
586482
460643
571405
392126
276227
517144
572845
582515
556538
453796
609974
610915
264631
301032
601161
449490
444876
588581
590639
174834
116659
609388
608245
459955
588962
590019
37596
598666
304924
557482
606805
522221
526917
582314
208657
590574
592800
405131
611276
336883
581146
584347
237728
608312
608593
607928
194045
480087
203048
218421
228287
381486
582590
564809
201401
610953
225254
199963
65292.4
57153.6
606526
397819
240016
532461
584689
30502.8
513669
459088
157597
159254
569938
571328
609246
551875
582051
278172
367277
612553
510063
354729
193705
469142
449390
604265
365914
540941
242930
187254
562678
199805
191889
83319.3
587647
594424
186104
411343
233228
251226
531570
228103
245394
489526
385434
610847
609705
97581.1
604448
581477
572229
584230
326405
80218.5
321046
608103
608804
553224
616341
600035
598915
237724
615233
612593
612686
478580
272277
548343
610843
597255
611559
611088
461069
458480
343324
622758
610987
530905
532118
611571
607214
392381
399844
198985
581870
613800
457771
598658
187799
595462
485036
574832
489758
485476
573095
608894
98523.8
265821
260794
606490
609494
608335
603417
523378
582473
205266
52804.4
382113
306126
620793
620708
604452
524454
602864
536674
221066
481886
589425
387837
379478
427809
610782
610490
617510
142410
469295
606085
476950
44194.2
47486.5
161184
164332
604445
608430
564088
567165
278314
366002
530663
603157
603623
491809
570147
527607
526474
211368
617460
617187
331011
94654.6
598926
550293
597512
540526
182300
611408
610906
545468
110110
57462.8
500634
496982
519332
509066
490133
559807
390761
611095
599235
339587
341770
369761
503893
602519
478385
501998
613616
604777
396071
593099
444856
112986
354814
227167
611416
531942
385996
401375
474138
577157
574114
578211
477318
599589
599586
188162
507712
472247
114564
167057
610133
497972
417934
500701
499487
531404
611722
520600
516969
455569
596412
492090
612806
562019
565268
585498
585029
345685
199482
605364
605474
510748
500463
595311
590369
512827
616491
592745
167250
603670
570639
463071
616746
252405
140535
144667
525447
603634
579246
576369
580759
138555
187555
598592
591528
594650
75050.4
597446
600267
617539
297621
618625
619115
576219
607039
609126
609514
587182
112521
592476
594883
584249
112504
397427
567827
481906
488868
589817
578261
576132
85261.4
402205
618381
574912
536357
461197
429197
365658
306663
545386
590066
95691.1
467279
524416
58463.4
595722
431331
514008
608559
567450
146303
510124
366703
431346
172659
353974
483735
494035
576595
189316
299698
360636
611814
612292
616845
598662
597923
91127
455583
528932
530763
374128
604806
605975
479136
176734
89905.7
612262
519285
514226
420005
18351.3
603539
605207
510425
526970
58782.1
587534
587594
503181
608194
610875
476259
336410
124352
387485
129278
594724
592941
172917
291218
118763
575128
286706
539928
424800
560319
517290
525764
248465
557749
573354
518195
520137
109597
319904
595702
528236
14442.3
22602.2
177233
555337
574748
616442
550060
553054
146900
167603
436628
605585
410042
199213
544910
134407
618039
618193
519604
589146
612403
567283
612046
506708
504396
519033
582204
208215
568900
564386
513350
28775.8
554395
593890
610724
66914
406321
553085
553214
418104
428820
568565
410356
266135
131733
137397
68944.2
621596
621236
614979
614247
511641
446874
597325
597532
581463
596678
584284
288483
610148
193221
532105
340475
611831
610063
203559
615967
347589
576810
610914
584753
582709
168554
601704
585704
585787
608639
599646
38288.7
64103.8
594378
605275
595456
90800.8
443338
615237
563273
565008
597598
505742
580117
223667
223444
185081
359191
345297
566255
508316
554872
502499
504286
424865
134357
619615
606155
337273
558535
610617
581290
242668
598193
514719
203129
582349
612221
611453
471985
613276
574191
600119
598750
319069
463598
507892
595408
116249
32611.2
456663
458367
208383
610317
224055
444957
444891
580608
596640
604181
604061
137352
451193
552456
221344
250721
573981
615566
615021
560015
610179
316297
603055
601582
78840.9
464965
436451
136652
374808
573180
609029
609001
208568
213392
475671
329361
478851
559984
496306
594063
585473
592745
304788
236086
199099
587697
320257
306820
587017
578329
480927
19954.9
613021
612908
443790
622135
622316
539336
538333
345150
571132
611482
598194
564683
567262
562733
82898.8
275254
265238
590039
220296
484323
514385
491853
593478
139204
515089
593022
446071
567386
497822
432932
614479
615649
352925
550312
204410
605249
175282
566224
542226
543317
613242
613251
596598
267556
621014
561982
465218
581643
582285
544993
610696
507535
214933
278307
268793
140264
138622
348423
564477
582977
332320
621536
490970
488780
449177
263751
415119
413395
498353
406687
413582
534592
91643.2
616967
415196
562364
604871
551777
104846
568519
526937
82820.3
237969
526845
563273
445626
447642
304705
550452
281463
291244
584271
590639
338245
342485
620009
552267
135062
554975
589432
569600
234143
498144
444051
278949
561887
537122
90914.9
602804
598005
454863
41147.1
413219
310186
599094
582975
541678
610354
610232
442613
577634
398664
563713
573296
485144
611614
607396
610775
36968.8
568360
611189
484156
576181
492922
570326
417492
605773
536001
540826
596995
616563
89938.6
295370
293857
269154
258600
576988
574674
481368
620318
82559.9
585983
604009
97268.7
518301
619302
622573
604685
607497
608411
509991
607537
132225
182986
479697
97400.4
606990
354704
312316
381621
373744
568310
412821
72426.5
589143
582857
149274
479865
582683
511807
611497
397651
320739
442834
129988
622700
622692
520925
592445
532963
202056
611505
594423
613295
594959
107231
452387
569997
611487
102100
494188
385701
601097
619673
612082
327380
600681
599533
316869
71454
15691.6
612364
609388
591056
297417
471059
578699
573095
427550
593289
609756
568927
589213
590439
542194
584957
346308
512953
445590
127869
580957
611332
611866
499599
499449
115528
94923.6
508006
612341
324298
238359
416839
584968
589876
590509
593350
510516
575693
577996
604478
595220
345679
453156
411965
408614
582012
497959
451163
190958
206852
504485
587568
607821
611099
607731
608762
605680
609590
610213
600827
547614
549667
560777
415500
153467
360545
582185
531635
545518
553207
323436
393741
610908
181169
580910
590508
579161
577497
575420
591047
541667
381021
560477
594335
605973
458191
484646
105920
607506
566093
572569
608344
611861
594291
580301
613278
83073.9
452277
454443
605042
306792
451291
539583
542248
543520
543853
393760
587763
361305
611176
517548
511477
514861
614131
612562
436459
569580
27032.1
146781
579707
141109
356507
356199
49241.1
243082
578518
578613
391970
297388
252733
285502
610235
480505
567216
487537
84190.2
587178
609593
458500
520217
464147
516379
113891
547537
184279
353201
97786.1
102526
610779
242212
465863
612453
87177.3
176256
540808
572633
593292
465582
582133
28000
608867
439111
445612
461842
456361
601811
364065
613859
587004
574096
604077
594784
458744
322390
485794
613111
433054
576603
573471
558227
539527
462888
579610
579493
164972
284957
260624
449954
587456
571854
613620
514964
518058
603435
377479
488194
588555
587522
605219
610420
610949
144153
582248
603873
607347
287331
263495
229631
499012
510910
617000
617552
124521
570551
613310
614271
453355
577202
310655
504201
53368.6
493961
609870
585449
604017
586432
585459
602710
599673
575882
451722
550842
621905
541568
600737
589450
586105
568898
28078.4
500668
581750
604667
492904
391112
540278
542527
25700
279987
528619
605330
472009
480237
283372
85342.1
591197
586990
123383
123153
558588
358306
360514
162355
208909
190486
529412
612106
35185.5
288534
283555
527019
590242
586395
68061.1
228762
497173
591147
145956
276447
574482
333843
574749
399907
437554
617947
618836
594172
65764.6
331590
382724
604767
598252
496912
620146
604572
606300
159813
565285
593530
145726
43802.2
58450.4
587802
565842
617460
617158
603371
453707
523711
248941
522266
503524
565657
315569
578698
432486
440821
505045
315937
316134
528655
592045
593556
599054
594241
594265
585830
584499
268214
588236
589783
584149
477318
598149
506406
607968
607511
500337
272799
450184
520546
520485
358438
79367.4
74211.7
94372.6
101248
492264
501679
351078
572035
611667
611161
606772
273586
486138
194828
585026
100954
75387.1
480817
458197
563015
535189
544304
573469
546493
593769
600173
58792.8
559203
559894
547970
546922
582212
590348
515861
514873
112800
581541
603823
545463
397998
401818
173530
585911
229827
608477
609016
63080.7
594417
616632
616268
612345
579191
196616
570064
601304
365352
89973.6
509542
145109
540412
390063
383226
192667
601133
472306
332902
522424
611740
447257
283047
530219
401295
133698
347177
346534
359816
575716
515042
519461
495625
602118
602797
502690
609675
598595
352857
601316
601170
604701
346594
532954
599465
285848
298959
480917
489486
596265
271169
286120
511952
557956
601138
178017
465097
543949
418712
24698.1
576513
491363
580511
609613
444842
449149
374668
243809
467644
550650
524632
540523
375464
611162
485383
355351
363654
531424
567585
593026
618717
336866
579348
566770
243800
588883
588683
35911.7
423320
427239
552618
593233
552202
486968
580902
237563
368779
510493
590243
376329
389671
602204
405362
289436
295408
449559
447642
533031
444198
568415
568656
605675
613798
309896
610803
445929
328670
613101
580605
460195
462326
608047
500359
491757
608356
607939
577409
245556
270925
364613
454073
495321
563376
617223
243729
539185
130904
84617.5
468921
608891
539536
512475
598976
416939
422610
527645
611486
408616
419828
509719
570172
113988
505878
616524
404829
596233
607042
610725
618628
446794
622178
432670
49989.3
47219.9
311159
330308
318080
456021
459560
588984
507567
583482
536237
610832
420462
551502
594298
171920
166119
546449
596872
596366
317508
290477
310625
319967
327457
493761
486550
609948
397438
577355
572460
583040
140943
146903
507857
227102
615391
616132
583557
212121
443569
147521
573035
512261
595057
597648
595125
569373
502177
478450
158197
165346
587296
595821
569932
378202
572739
572680
329028
603069
156411
560391
583429
611317
605409
204592
556704
573261
525480
537959
28189
413046
458849
620669
520132
527298
366298
53594.4
581277
578806
608110
453912
601355
298921
479919
454104
479110
568279
614777
614426
576839
291451
377713
599955
81668.4
400794
242001
172065
179531
407013
351331
347330
585086
214584
171675
360814
367421
540765
369841
156788
161079
521634
515270
461253
387518
425517
405285
408430
289350
566397
568381
584311
492002
564487
53531.5
37588.9
188717
584528
586037
362803
520108
531861
389863
568879
372645
368870
405924
519160
22658.8
257062
128942
595414
204088
449961
603273
604701
155256
539646
393967
612645
375166
502493
610105
611902
83668.6
55274.7
49511.4
75795.2
158485
475972
312553
319586
496802
250759
577953
426783
426646
428889
593649
540435
606848
521967
566693
59969.6
605874
453926
448439
243401
594021
310961
265716
609579
609882
402902
116914
324215
606939
350615
612250
612234
538592
537973
364154
326950
578663
501243
584183
506034
256315
238565
604887
618382
512217
574420
49513.1
178283
514489
252314
231357
518118
534274
62554.2
591023
590675
458895
454189
582214
607850
609204
590814
533276
531173
492285
519871
584036
541351
534082
443521
610676
577584
277754
298616
613404
176076
379797
322523
337253
620065
618220
483039
557266
585953
428844
478372
484148
210240
227286
250680
392911
114973
381689
455998
180070
610545
605736
102707
615180
535046
532266
558314
617655
573296
585113
144968
469039
592125
166471
478681
606722
601166
599120
591440
589509
582253
446332
592547
116230
451555
618021
369525
527811
140963
591723
571435
211054
205768
533947
537370
610109
565389
498209
390338
408335
601623
347201
354313
388307
616363
616539
611908
609794
610427
609682
472572
494009
98662.6
397586
568650
530766
529493
229743
421860
283516
306901
589320
573725
603892
166589
599224
586343
507484
384213
242522
612991
614739
591565
451155
450653
576570
553900
536967
570528
111928
109050
400945
101484
516894
506645
293348
529217
312991
323660
607437
605175
63800.1
588464
595373
596087
578240
616472
234538
482058
613635
612511
482169
480844
616905
334335
574329
587397
491716
611511
611611
456451
467062
455680
591810
598834
578888
577533
472695
430335
438409
166188
604379
541059
534242
610854
521040
601994
145472
546934
618749
343130
572497
512249
519748
583861
611259
395871
285166
275716
610659
476713
567283
405105
484911
605492
288695
619112
589603
213581
559107
558441
81788.3
596042
594152
576578
483138
124780
541487
565748
540192
605999
452512
443536
330408
186958
589562
527001
81080.3
127006
470319
561052
290885
261707
462589
599199
567229
290748
296609
480238
596632
513837
505555
606224
607470
590152
590907
74905.6
620428
457294
233854
558819
591730
503501
499352
521926
548145
595235
577732
533269
575000
591810
92903.5
584558
443934
455148
450755
529300
532043
539921
539114
602978
530648
281514
538537
349642
357396
371202
609866
464255
616021
616021
445295
190037
599419
609719
619331
592404
407341
411632
615431
615693
488236
545551
187626
135389
612240
609172
609504
602910
577516
419490
130325
118463
160945
477106
578588
618895
537131
365917
533539
224198
490410
373313
617953
618468
521477
52318
614891
453511
515060
495360
601790
618797
427850
337086
621552
621669
529385
361145
252960
157426
611275
611434
582729
464448
459985
583473
594776
606487
571990
565391
575395
477323
590182
536892
262932
572997
596945
569066
138435
138458
609445
595271
459398
366158
365734
327469
620543
620626
448306
471100
473293
248941
599799
620000
72902.4
493072
460217
591350
527203
204706
191548
416538
420719
604663
596193
177690
241986
546536
535019
611701
611755
604608
153065
532703
531444
583457
575236
547116
488223
172151
139041
377047
379607
606513
607857
510656
571534
463449
619822
588042
436571
436343
600893
425431
235655
381034
340428
587595
613083
613906
526070
530786
543391
339994
587284
562874
599983
598409
567929
569905
543228
419289
609446
585504
583688
413215
535766
609132
505440
610417
327041
488871
501191
544226
509375
611629
426413
418489
376713
601075
62088.4
602978
240263
199073
435265
620210
598752
517080
484692
255998
579039
344374
563014
537461
566214
566769
153662
530323
404222
614130
615173
615081
113800
579466
597533
280675
44710.5
260068
349972
408061
401950
613803
611973
609812
231377
588786
574229
577251
620902
608816
609088
91674.1
177164
289578
576573
233597
582816
604034
540963
259837
261612
541698
610790
558936
557448
583667
455187
570581
406110
591166
543580
599225
459287
440393
118830
134239
449782
604104
527510
384799
487178
247526
244667
610921
377845
423337
426390
601749
599791
563992
561686
532861
603669
570345
264284
118395
604677
605561
614846
345818
500407
140346
159370
583976
72133
585238
606098
524792
572302
569095
399976
573340
573725
485645
591706
571995
493522
596571
510595
606504
551196
553878
453295
454183
442748
609680
276645
590616
539609
539307
489365
499463
270935
569705
275869
300398
372529
611721
612173
455231
87717.8
102840
597706
610812
609812
576261
485945
605787
589454
535199
533374
583940
481705
453790
462006
611931
438689
431995
451980
465043
535877
577077
170210
434197
540877
532772
360453
445686
568700
608077
421398
593433
589386
579569
580166
521084
521519
590938
246602
231375
261888
246175
375372
385139
339936
62434.3
535872
501267
446678
445489
56437.1
421046
59014.2
583039
87178.6
575355
378185
537498
608555
574439
350923
360779
370009
592476
587919
588380
234131
610874
586545
418136
519543
524338
370851
607436
202444
559031
557830
433423
406909
568419
562278
599869
600858
599897
600738
89349.2
265718
268354
533010
479209
587775
608453
590053
408341
410152
604126
331550
600983
576648
490102
592375
378206
372850
507034
564670
494529
231456
238784
386451
376502
262039
269480
384883
449343
601066
604526
591852
388861
511419
597212
576829
603839
438714
601791
601672
589372
591896
161918
157567
534807
190224
596556
595464
469869
175973
511085
504816
444720
381054
433600
201446
212367
543848
545471
460103
598469
598946
586012
590026
589056
567445
136424
471823
437766
576762
610388
610515
617329
616790
603489
603610
525249
382314
603010
573660
525515
563883
564681
612244
540485
584303
587273
417857
595932
612548
109054
602108
529643
612378
233990
615946
492201
507093
499492
550451
615963
499737
575328
219185
543107
520043
354316
212974
548622
599945
591978
156700
145304
436995
442502
325744
575951
109960
279122
295932
599908
433027
547952
548592
403998
582987
589611
588406
435158
388279
575654
601556
506973
505784
163631
605002
604787
601329
78686.5
90950.3
421970
134998
593668
603106
531489
34627.1
597798
575072
192311
430630
596479
479008
525568
77535.8
604544
129307
522062
525638
448941
595587
597107
597879
457432
566498
550808
553326
610979
506299
575407
414756
592052
533377
527001
499503
425017
427289
465634
463540
599708
596576
447346
613316
41073.6
429459
532831
531517
129928
438296
617234
536444
398718
591187
612272
612460
525128
474182
281508
560084
504910
603875
568105
470210
483652
614994
614810
513870
510523
57765.6
573580
415125
610867
355916
345986
603822
605470
608923
609756
610919
454958
595728
376354
419826
166789
592045
577741
72160.2
603218
230622
206992
604699
606674
598278
595050
77686.6
445335
429861
37705.5
41806.5
599720
339409
604415
603473
552297
571740
394012
606385
607071
611558
509680
359839
65119.4
613780
457735
448129
446624
402357
56357.2
194383
472234
610371
609987
603920
356496
608304
475469
469971
431604
249260
253034
612188
530160
603141
586175
546509
548637
105481
96964.8
496080
599563
489452
497567
215676
571118
71646.8
592370
568166
589711
594716
586988
311198
297106
610131
555513
555780
456598
597930
128622
620954
620800
478873
129929
124322
464739
470992
594167
592330
530157
246752
521960
585199
554080
335512
612818
564756
563122
547370
615769
571590
572457
324495
112227
100102
86534.7
598772
575268
430071
601765
604516
606820
609124
407514
211099
517441
382081
513690
272333
287815
517685
590971
564490
144676
512967
507039
589351
527721
282652
296177
501333
503763
606268
121364
110380
347888
605353
596763
597630
382778
105310
477262
588920
586878
614378
615121
450855
135492
167963
596969
328929
576881
609554
564126
600488
69950.4
199530
207852
394922
379352
521700
256180
610807
384418
252903
586298
575929
589061
549139
607576
164266
103534
104139
239604
230556
395333
542535
608921
198245
607072
607621
388057
358819
45061.7
68237.7
501145
572987
598864
608722
540115
588698
615237
521498
529712
425489
618137
470231
458757
87896.3
604939
607114
474725
553432
578770
614809
615087
537383
375165
304890
609954
608575
452867
566416
569103
598637
498629
391133
396483
589139
529360
599746
601868
340993
201505
610185
602089
602374
615639
583781
541910
537288
433665
442523
603230
615999
616553
592302
148422
565493
499032
495552
600056
340094
579949
611174
611210
595819
300982
292621
593048
502448
569462
486192
406832
562783
317163
141775
309696
576568
577775
483602
486445
563911
451373
447692
585216
441303
453769
541709
610866
580601
574291
299039
608600
564296
585860
581509
521740
568932
587251
587622
332494
452194
282461
590302
185332
333573
327238
466613
612201
523189
620713
557470
432968
589958
603093
165672
590875
608252
148731
585401
565116
558515
612221
558066
286803
306702
300509
530542
175432
516803
517815
617840
113492
196532
185678
602312
105210
592702
604807
481780
477015
453885
609657
401646
396111
521331
77788.2
437473
373156
59468.1
589936
411607
384863
606206
341064
373492
283934
451078
318016
550465
610260
492066
605870
606943
207199
147139
448740
442927
582544
312929
615986
601206
346075
364649
595947
610961
522917
136630
553238
102015
87553.5
216619
467998
156375
145932
439382
604452
605167
605081
493588
609762
610865
564104
445473
601073
604228
576903
578415
474205
508912
607704
420003
95540.7
582434
612586
612522
386094
397921
441400
539883
204959
561820
560121
350617
584060
604112
611919
610623
430983
424381
579579
610283
531245
458466
127395
121587
593352
237554
571941
286460
608824
572523
227409
387447
592313
591967
472953
598312
583401
205454
584675
308463
262839
568210
590471
600515
607288
522947
415165
573294
486073
618685
619570
492337
320790
605854
357143
555601
563268
460694
452965
601165
224028
556124
548654
448479
280386
277627
182471
274937
279925
277554
376662
362862
448940
570745
342732
606771
440309
140569
400291
572894
136115
125813
620066
81296.1
570061
588637
599050
105981
614621
204314
222837
309764
298216
600926
85975.3
514218
532269
315215
143724
567501
468534
461354
193262
297031
589185
585987
585440
598206
111688
596302
611049
610992
535266
539639
543888
73105.9
88764.9
110681
107509
578369
569871
483980
599441
45398.4
323485
226047
215639
603498
110546
135633
603679
611387
283472
610321
609201
71207.9
560056
586753
580992
588257
587899
418120
566426
565343
559106
513383
170284
596758
598785
53214.6
69009.6
572342
539095
455218
439705
481967
116147
610883
567037
602474
446401
602679
619663
601925
456041
464471
613802
616825
578376
592122
608636
455456
156925
307165
374227
376174
347443
490642
601284
602064
601492
609040
585404
274735
284229
508805
505871
433448
435137
558081
575399
574158
542964
438484
426072
594069
607223
534846
533155
274801
241345
98794.8
598655
595235
600345
143553
223113
433426
436262
570069
570193
23596.3
59603.2
593788
563173
562460
397819
577490
594881
594210
617282
566072
209496
444895
350470
596749
428480
351672
349463
588720
586024
68131.9
385598
355840
345222
342742
297462
114134
546656
465423
467285
406131
43449.4
453345
605776
497378
547529
137364
44179.4
56522.6
565246
565350
564472
605135
604708
582801
564199
596340
144476
528132
26944.4
589821
390381
445422
123241
582886
585190
533431
119471
116612
592956
566746
606822
234029
502386
606900
437550
446228
577877
325492
318138
411572
426055
549859
56659
171831
457457
498678
593667
611336
395414
450060
596629
595166
559337
584076
598325
165140
505118
609435
609129
611479
572832
57200.2
62557.7
295899
619659
621595
590181
591808
327618
41629.8
483527
565790
609353
485703
487807
588737
608601
124647
94313.2
558558
555759
561213
155548
376861
430101
582487
579113
507997
562229
406449
205745
200387
306051
543094
480481
540778
598029
600315
438283
254914
173865
503305
333046
183390
585237
585276
117012
105213
371258
368147
266842
378387
340005
590839
616561
616684
601273
252693
231909
434862
588146
590416
582060
581305
300146
611334
592078
604310
494569
270581
584493
395653
518224
522163
612371
596733
576120
595998
614512
591539
587189
72582.4
99570.4
284609
70814.2
64742.9
188828
187310
585002
616688
616379
266251
277531
565195
560123
200008
421199
528112
314613
85940.9
596676
603683
239434
555186
558689
562700
575076
337260
598534
595514
607036
605606
453418
319753
108469
539197
551171
565183
568822
490702
446910
588492
591386
69980.9
594414
413893
612838
577720
567869
432574
567687
613078
612001
538645
541521
204272
327060
570520
593059
592875
342127
577659
576011
431684
434400
586445
588065
527847
322503
614137
567837
618316
418984
402625
125720
143358
503946
511644
142101
547945
526200
471585
463001
608673
609102
236908
228231
525191
601492
524741
605965
570779
567214
605499
522960
483623
566271
563109
500302
533300
405959
176357
513984
491044
612121
611601
523791
403388
202833
206451
525946
482168
438882
599952
616661
589221
592121
562344
83454.2
404130
367996
329894
471952
503659
507635
610571
105888
449418
559994
567018
365993
363391
154921
423382
426833
464397
194027
592539
475035
611187
570175
526399
370607
570741
320468
450596
450756
431844
606807
372828
117976
415237
413538
555046
147311
489136
436655
213868
231821
561532
497771
612631
558230
591354
134318
100793
530684
584932
538339
541960
602748
600112
331164
518855
584970
283539
395520
82586.6
616587
616755
557113
579857
507735
565683
484095
567021
601393
562336
586261
594528
214320
444826
53405.6
598377
198981
569814
270196
260077
551044
601301
403591
435293
167596
183641
592656
137419
166727
612282
611235
159515
158136
483273
435344
588517
612343
425072
616338
616404
586229
71985.4
68000.3
599581
581155
441951
447444
570507
616349
605586
561118
621753
537272
290957
290244
480414
408461
205787
210321
546336
537764
538015
557348
607497
607949
479086
474279
511304
591110
590279
305333
605411
538791
562009
387976
357797
555907
597643
361995
550221
225585
206648
114516
544091
544882
583033
598443
599757
568508
603728
579169
400881
594213
553005
553654
530130
605658
157707
615376
615072
515195
612301
602779
530160
591847
590598
591641
590822
309148
231344
187302
613921
212917
78286.1
614290
334347
610967
105421
378877
382908
523177
341802
334114
200751
155650
571230
152064
528041
532925
614647
588373
456915
63819.9
591690
594228
586793
585167
330978
608912
608891
592350
573674
179153
180708
610182
60467.5
75069.5
605811
607991
344614
340428
466507
462581
615962
614393
610424
)
;

boundaryField
{
    frontAndBack
    {
        type            empty;
    }
    simetry
    {
        type            symmetry;
    }
    inlet
    {
        type            zeroGradient;
    }
    outlet
    {
        type            fixedValue;
        value           uniform 0;
    }
}


// ************************************************************************* //
